%YAML:1.0
---
R: !!opencv-matrix
   rows: 3
   cols: 3
   dt: d
   data: [ 9.9999867764078065e-01, -1.0057776800949049e-03,
       1.2779389454419632e-03, 9.8560734191027928e-04,
       9.9987646124531249e-01, 1.5687282292316435e-02,
       -1.2935589888470335e-03, -1.5686002002086929e-02,
       9.9987613035132150e-01 ]
T: !!opencv-matrix
   rows: 3
   cols: 1
   dt: d
   data: [ -7.4546607397403633e+01, 2.8987985702291652e-01,
       -3.1422952849547854e+00 ]
R1: !!opencv-matrix
   rows: 3
   cols: 3
   dt: d
   data: [ 9.9904561471070397e-01, -5.5500967080221392e-03,
       4.3325006103211793e-02, 5.2104965554875650e-03,
       9.9995484354021036e-01, 7.9474276416249250e-03,
       -4.3367158691306834e-02, -7.7140979385287483e-03,
       9.9902942010735485e-01 ]
R2: !!opencv-matrix
   rows: 3
   cols: 3
   dt: d
   data: [ 9.9910524248952692e-01, -3.8850927621663094e-03,
       4.2114373842822940e-02, 4.2149137299028350e-03,
       9.9996111940866750e-01, -7.7455905658743466e-03,
       -4.2082644073218156e-02, 7.9161685930788581e-03,
       9.9908277201772056e-01 ]
P1: !!opencv-matrix
   rows: 3
   cols: 4
   dt: d
   data: [ 5.4930860045183738e+02, 0., 4.6646222305297852e+02, 0., 0.,
       5.4930860045183738e+02, 3.8438709640502930e+02, 0., 0., 0., 1.,
       0. ]
P2: !!opencv-matrix
   rows: 3
   cols: 4
   dt: d
   data: [ 5.4930860045183738e+02, 0., 4.6646222305297852e+02,
       -4.0985764898866124e+04, 0., 5.4930860045183738e+02,
       3.8438709640502930e+02, 0., 0., 0., 1., 0. ]
Q: !!opencv-matrix
   rows: 4
   cols: 4
   dt: d
   data: [ 1., 0., 0., -4.6646222305297852e+02, 0., 1., 0.,
       -3.8438709640502930e+02, 0., 0., 0., 5.4930860045183738e+02, 0.,
       0., 1.3402424032033474e-02, 0. ]
