%YAML:1.0
---
M1: !!opencv-matrix
   rows: 3
   cols: 3
   dt: d
   data: [ 5.9248383473175045e+02, 0., 5.1208527255388799e+02, 0.,
       5.9374026293834788e+02, 3.8361234810400106e+02, 0., 0., 1. ]
D1: !!opencv-matrix
   rows: 1
   cols: 14
   dt: d
   data: [ -3.5823632422759398e-02, 7.4393056208035463e-02, 0., 0., 0.,
       0., 0., 4.4699148992160362e-02, 0., 0., 0., 0., 0., 0. ]
M2: !!opencv-matrix
   rows: 3
   cols: 3
   dt: d
   data: [ 5.9248383473175045e+02, 0., 5.0844994337279110e+02, 0.,
       5.9374026293834788e+02, 3.8580649163783102e+02, 0., 0., 1. ]
D2: !!opencv-matrix
   rows: 1
   cols: 14
   dt: d
   data: [ -4.4454490003776798e-02, 4.0803620032016881e-02, 0., 0., 0.,
       0., 0., -2.1760006336403185e-02, 0., 0., 0., 0., 0., 0. ]
