%YAML:1.0
---
R: !!opencv-matrix
   rows: 3
   cols: 3
   dt: d
   data: [ 9.9924829517216174e-01, 1.4220801502117847e-02,
       -3.6064018081262222e-02, -1.3582199070609364e-02,
       9.9974768479096199e-01, 1.7891076645007876e-02,
       3.6309344030629145e-02, -1.7387799163452827e-02,
       9.9918931938662991e-01 ]
T: !!opencv-matrix
   rows: 3
   cols: 1
   dt: d
   data: [ -1.0311462938518110e+02, -1.2507501802159202e+00,
       -4.5492940226419396e+00 ]
R1: !!opencv-matrix
   rows: 3
   cols: 3
   dt: d
   data: [ 9.9963959699745253e-01, 2.5553583022382077e-02,
       8.2274242317379939e-03, -2.5627253576416216e-02,
       9.9963126131904168e-01, 8.9769297553269831e-03,
       -7.9949977423902641e-03, -9.1845407299570078e-03,
       9.9992585936292244e-01 ]
R2: !!opencv-matrix
   rows: 3
   cols: 3
   dt: d
   data: [ 9.9895484154186498e-01, 1.2117028936979459e-02,
       4.4072691882931544e-02, -1.1716175860660720e-02,
       9.9988772054637820e-01, -9.3422440435820472e-03,
       -4.4180943666579708e-02, 8.8161165094487945e-03,
       9.9898464467999826e-01 ]
P1: !!opencv-matrix
   rows: 3
   cols: 4
   dt: d
   data: [ 7.8258061526412712e+02, 0., 2.7897007369995117e+02, 0., 0.,
       7.8258061526412712e+02, 3.9815201950073242e+02, 0., 0., 0., 1.,
       0. ]
P2: !!opencv-matrix
   rows: 3
   cols: 4
   dt: d
   data: [ 7.8258061526412712e+02, 0., 2.7897007369995117e+02,
       -8.0779937942375560e+04, 0., 7.8258061526412712e+02,
       3.9815201950073242e+02, 0., 0., 0., 1., 0. ]
Q: !!opencv-matrix
   rows: 4
   cols: 4
   dt: d
   data: [ 1., 0., 0., -2.7897007369995117e+02, 0., 1., 0.,
       -3.9815201950073242e+02, 0., 0., 0., 7.8258061526412712e+02, 0.,
       0., 9.6878090674244102e-03, 0. ]
