%YAML:1.0
---
M1: !!opencv-matrix
   rows: 3
   cols: 3
   dt: d
   data: [ 8.6232191884711017e+02, 0., 2.9686886506173676e+02, 0.,
       8.5984863546761005e+02, 3.8683478695550559e+02, 0., 0., 1. ]
D1: !!opencv-matrix
   rows: 1
   cols: 14
   dt: d
   data: [ 1.4094505760024867e-01, -3.7632969986588399e-01, 0., 0., 0.,
       0., 0., 5.1861253862271395e-01, 0., 0., 0., 0., 0., 0. ]
M2: !!opencv-matrix
   rows: 3
   cols: 3
   dt: d
   data: [ 8.6232191884711017e+02, 0., 3.1096473539121899e+02, 0.,
       8.5984863546761005e+02, 4.0975980486325034e+02, 0., 0., 1. ]
D2: !!opencv-matrix
   rows: 1
   cols: 14
   dt: d
   data: [ 1.4269452458950063e-01, -3.5671516220810928e-01, 0., 0., 0.,
       0., 0., 5.5499179969242574e-01, 0., 0., 0., 0., 0., 0. ]
